10.3
10.3
20.3
10.3
15.2
10.3
10.3
10.3
10.3
10.3
10.3
10.3
10.3
10.3
10.3
10.3
10.3
10.3
10.3
10.3
10.3
10.3
10.3
10.3
10.3
10.3
10.3
10.3
10.3
10.3
10.3
10.3
10.3
10.3
10.3
10.3
10.3
10.3
10.3
10.3
10.3
10.3
10.3
10.3
10.3
10.3
10.3
10.3
10.3
10.3
10.3
10.3
10.3
10.3
10.3
10.3
10.3
10.3
10.3
10.3
10.3
10.3
10.3
10.3
10.3
10.3
10.3
10.3
10.3
10.3
10.3
10.3
10.3
10.3
10.3
10.3
10.3
10.3
10.3
10.3
10.3
10.3
10.3
10.3
10.3
10.3
10.3
10.3
10.3
10.3
10.3
10.3
10.3
10.3
10.3
10.3
10.3
10.3
10.3
10.3
